% This file contains a brief summary of the land-surface average results 
% produced by the Berkeley Averaging method.  Temperatures are in 
% Celsius and reported as anomalies relative to the Jan 1951-Dec 1980
% average. Uncertainties represent the 95% confidence interval for 
% statistical and spatial undersampling effects.
% 
% The current dataset presented here is described as: 
% 
%   Estimated Global Land-Surface TAVG based on the Complete Berkeley Dataset
% 
% 
% This analysis was run on 06-Dec-2023 02:57:01
% 
% Results are based on 50691 time series 
%   with 21339392 data points
% 
% Estimated Jan 1951-Dec 1980 absolute temperature (C): 8.60 +/- 0.04
% 
% 
% 
% Year, Annual Anomaly, Annual Unc., Five-year Anomaly, Five-year Unc.
 
  1750      -1.420        0.883              NaN             NaN
  1751      -1.515        1.161              NaN             NaN
  1753      -1.175        0.915              NaN             NaN
  1754      -0.610        1.038              NaN             NaN
  1755      -0.809        1.115           -0.708           0.702
  1756      -0.505        1.465           -0.966           0.712
  1757      -0.440        1.130           -1.158           0.753
  1758      -2.465        1.937           -1.493           1.160
  1759      -1.574        2.183           -1.585           1.635
  1760      -2.484        2.539           -1.698           1.862
  1761      -0.963        2.006           -1.609           1.879
  1762      -1.004        1.363           -1.457           1.687
  1763      -2.020        2.037           -1.087           1.372
  1764      -0.816        1.537           -1.025           1.334
  1765      -0.630        1.121           -0.979           1.156
  1766      -0.657        1.800           -1.002           1.018
  1767      -0.773        1.023           -1.080           0.920
  1768      -2.136        1.398           -1.188           0.942
  1769      -1.204        1.168           -1.303           0.947
  1770      -1.171        1.158           -1.298           1.071
  1771      -1.234        1.409           -0.975           1.113
  1772      -0.745        1.495           -0.761           1.035
  1773      -0.523        1.799           -0.540           1.153
  1774      -0.131        1.010           -0.521           1.181
  1775      -0.069        1.605           -0.605           1.076
  1776      -1.140        1.468           -0.687           0.910
  1777      -1.164        1.092           -0.763           1.158
  1778      -0.932        1.297           -0.721           0.981
  1779      -0.511        1.855           -0.603           0.905
  1780       0.143        2.204           -0.525           0.881
  1781      -0.551        1.406           -0.530           0.904
  1782      -0.772        1.205           -0.573           0.717
  1783      -0.959        0.925           -0.798           0.633
  1784      -0.728        1.547           -0.818           0.825
  1785      -0.982        1.388           -0.774           0.842
  1786      -0.650        1.104           -0.652           0.855
  1787      -0.550        1.027           -0.553           0.695
  1788      -0.349        0.731           -0.459           0.530
  1789      -0.236        0.723           -0.370           0.462
  1790      -0.511        0.781           -0.347           0.479
  1791      -0.207        0.801           -0.331           0.576
  1792      -0.432        0.864           -0.269           0.653
  1793      -0.268        1.276           -0.131           0.674
  1794       0.076        1.126           -0.126           0.699
  1795       0.176        0.760           -0.032           0.742
  1796      -0.182        0.947            0.029           0.654
  1797       0.039        0.858           -0.083           0.516
  1798       0.035        1.041           -0.187           0.526
  1799      -0.485        0.785           -0.085           0.574
  1800      -0.344        0.838           -0.058           0.648
  1801       0.329        1.027           -0.065           0.770
  1802       0.173        0.758            0.043           0.785
  1803       0.003        1.125            0.104           0.800
  1804       0.052        0.779            0.001           0.798
  1805      -0.039        1.076           -0.132           0.818
  1806      -0.187        1.102           -0.353           0.741
  1807      -0.489        0.859           -0.670           0.847
  1808      -1.105        1.094           -0.989           0.904
  1809      -1.533        1.490           -1.282           0.845
  1810      -1.633        1.007           -1.490           0.946
  1811      -1.651        0.908           -1.458           0.862
  1812      -1.527        1.277           -1.360           0.843
  1813      -0.948        0.797           -1.328           0.771
  1814      -1.041        1.176           -1.361           0.646
  1815      -1.474        0.904           -1.367           0.557
  1816      -1.816        0.664           -1.289           0.597
  1817      -1.553        0.799           -1.353           0.539
  1818      -0.563        1.003           -1.259           0.535
  1819      -1.361        0.743           -1.047           0.416
  1820      -1.002        0.837           -0.870           0.403
  1821      -0.758        0.752           -0.945           0.482
  1822      -0.665        0.567           -0.736           0.370
  1823      -0.940        1.085           -0.631           0.315
  1824      -0.314        0.492           -0.539           0.373
  1825      -0.476        0.425           -0.391           0.302
  1826      -0.299        0.495           -0.322           0.368
  1827       0.076        0.785           -0.428           0.385
  1828      -0.596        0.504           -0.370           0.424
  1829      -0.845        0.580           -0.517           0.365
  1830      -0.185        0.532           -0.777           0.310
  1831      -1.036        0.502           -0.791           0.280
  1832      -1.221        0.562           -0.733           0.286
  1833      -0.666        0.470           -0.955           0.331
  1834      -0.557        0.613           -0.948           0.416
  1835      -1.297        0.547           -0.964           0.411
  1836      -1.000        0.631           -1.064           0.435
  1837      -1.298        0.578           -1.144           0.413
  1838      -1.167        0.477           -1.066           0.367
  1839      -0.956        0.539           -1.083           0.319
  1840      -0.907        0.452           -0.961           0.319
  1841      -1.087        0.448           -0.839           0.333
  1842      -0.690        0.530           -0.857           0.374
  1843      -0.554        0.437           -0.855           0.352
  1844      -1.050        0.572           -0.663           0.382
  1845      -0.893        0.386           -0.649           0.380
  1846      -0.128        0.736           -0.678           0.398
  1847      -0.621        0.559           -0.611           0.412
  1848      -0.700        0.493           -0.599           0.436
  1849      -0.713        0.499           -0.684           0.375
  1850      -0.831        0.434           -0.691           0.370
  1851      -0.552        0.435           -0.682           0.325
  1852      -0.659        0.417           -0.635           0.277
  1853      -0.653        0.321           -0.578           0.240
  1854      -0.479        0.329           -0.591           0.229
  1855      -0.546        0.389           -0.633           0.221
  1856      -0.616        0.370           -0.596           0.253
  1857      -0.870        0.315           -0.557           0.288
  1858      -0.469        0.395           -0.584           0.272
  1859      -0.285        0.507           -0.614           0.273
  1860      -0.681        0.304           -0.668           0.286
  1861      -0.766        0.323           -0.667           0.288
  1862      -1.141        0.337           -0.738           0.238
  1863      -0.465        0.389           -0.685           0.246
  1864      -0.636        0.306           -0.597           0.258
  1865      -0.416        0.363           -0.406           0.275
  1866      -0.329        0.405           -0.405           0.265
  1867      -0.181        0.382           -0.323           0.277
  1868      -0.464        0.356           -0.338           0.253
  1869      -0.226        0.282           -0.390           0.212
  1870      -0.488        0.289           -0.455           0.191
  1871      -0.589        0.254           -0.432           0.179
  1872      -0.508        0.263           -0.436           0.180
  1873      -0.349        0.255           -0.484           0.187
  1874      -0.245        0.326           -0.468           0.176
  1875      -0.729        0.265           -0.388           0.181
  1876      -0.509        0.178           -0.267           0.162
  1877      -0.107        0.201           -0.301           0.136
  1878       0.253        0.199           -0.271           0.127
  1879      -0.412        0.191           -0.237           0.133
  1880      -0.581        0.246           -0.307           0.134
  1881      -0.338        0.173           -0.469           0.137
  1882      -0.455        0.202           -0.545           0.140
  1883      -0.560        0.171           -0.551           0.152
  1884      -0.791        0.179           -0.611           0.174
  1885      -0.613        0.239           -0.649           0.171
  1886      -0.637        0.263           -0.624           0.171
  1887      -0.644        0.191           -0.516           0.181
  1888      -0.434        0.177           -0.518           0.174
  1889      -0.250        0.212           -0.502           0.151
  1890      -0.625        0.182           -0.479           0.146
  1891      -0.555        0.147           -0.498           0.140
  1892      -0.529        0.160           -0.525           0.119
  1893      -0.531        0.140           -0.477           0.107
  1894      -0.387        0.124           -0.434           0.109
  1895      -0.385        0.119           -0.381           0.109
  1896      -0.337        0.167           -0.354           0.106
  1897      -0.267        0.161           -0.305           0.118
  1898      -0.396        0.157           -0.237           0.127
  1899      -0.141        0.188           -0.173           0.134
  1900      -0.041        0.146           -0.175           0.129
  1901      -0.019        0.167           -0.167           0.126
  1902      -0.276        0.128           -0.240           0.118
  1903      -0.358        0.150           -0.301           0.128
  1904      -0.503        0.135           -0.336           0.125
  1905      -0.348        0.180           -0.402           0.122
  1906      -0.194        0.142           -0.408           0.110
  1907      -0.608        0.116           -0.387           0.109
  1908      -0.388        0.104           -0.388           0.095
  1909      -0.399        0.125           -0.430           0.085
  1910      -0.350        0.120           -0.393           0.081
  1911      -0.405        0.098           -0.374           0.079
  1912      -0.422        0.110           -0.291           0.079
  1913      -0.296        0.108           -0.226           0.072
  1914       0.016        0.103           -0.222           0.071
  1915      -0.025        0.098           -0.258           0.071
  1916      -0.382        0.105           -0.296           0.070
  1917      -0.604        0.114           -0.347           0.066
  1918      -0.486        0.104           -0.396           0.063
  1919      -0.237        0.095           -0.330           0.064
  1920      -0.271        0.091           -0.255           0.062
  1921      -0.052        0.089           -0.200           0.064
  1922      -0.228        0.118           -0.181           0.067
  1923      -0.211        0.105           -0.151           0.076
  1924      -0.142        0.105           -0.128           0.082
  1925      -0.121        0.116           -0.116           0.076
  1926       0.061        0.111           -0.084           0.074
  1927      -0.165        0.095           -0.149           0.069
  1928      -0.055        0.092           -0.141           0.061
  1929      -0.464        0.086           -0.150           0.057
  1930      -0.080        0.086           -0.117           0.053
  1931       0.016        0.089           -0.178           0.051
  1932      -0.003        0.086           -0.101           0.052
  1933      -0.359        0.087           -0.125           0.053
  1934      -0.079        0.089           -0.160           0.051
  1935      -0.200        0.087           -0.161           0.052
  1936      -0.158        0.081           -0.056           0.053
  1937      -0.011        0.093           -0.026           0.054
  1938       0.167        0.089            0.028           0.053
  1939       0.073        0.089            0.071           0.054
  1940       0.069        0.091            0.079           0.053
  1941       0.058        0.086            0.057           0.053
  1942       0.026        0.085            0.073           0.052
  1943       0.059        0.085            0.038           0.052
  1944       0.154        0.086            0.024           0.049
  1945      -0.108        0.087            0.041           0.047
  1946      -0.009        0.079            0.041           0.046
  1947       0.112        0.079           -0.011           0.048
  1948       0.057        0.076           -0.051           0.045
  1949      -0.105        0.082           -0.059           0.043
  1950      -0.312        0.066           -0.087           0.043
  1951      -0.048        0.065           -0.059           0.044
  1952      -0.028        0.078           -0.061           0.041
  1953       0.198        0.079           -0.007           0.040
  1954      -0.114        0.068           -0.074           0.033
  1955      -0.045        0.055           -0.069           0.027
  1956      -0.384        0.041           -0.091           0.021
  1957      -0.001        0.040           -0.051           0.024
  1958       0.090        0.023           -0.061           0.025
  1959       0.085        0.033            0.041           0.025
  1960      -0.095        0.058            0.054           0.025
  1961       0.125        0.039            0.073           0.022
  1962       0.065        0.038            0.001           0.017
  1963       0.186        0.051           -0.009           0.017
  1964      -0.277        0.025           -0.046           0.013
  1965      -0.143        0.029           -0.050           0.013
  1966      -0.060        0.046           -0.119           0.018
  1967       0.043        0.021           -0.076           0.023
  1968      -0.156        0.032           -0.036           0.020
  1969      -0.065        0.024           -0.032           0.010
  1970       0.060        0.032           -0.072           0.012
  1971      -0.044        0.033            0.024           0.013
  1972      -0.153        0.030            0.002           0.020
  1973       0.321        0.028            0.013           0.018
  1974      -0.172        0.054           -0.033           0.018
  1975       0.114        0.034            0.047           0.018
  1976      -0.272        0.043           -0.002           0.020
  1977       0.244        0.036            0.051           0.021
  1978       0.078        0.046            0.100           0.024
  1979       0.092        0.042            0.261           0.024
  1980       0.356        0.060            0.219           0.024
  1981       0.534        0.042            0.288           0.023
  1982       0.036        0.027            0.284           0.029
  1983       0.421        0.040            0.222           0.019
  1984       0.073        0.017            0.165           0.013
  1985       0.049        0.030            0.239           0.013
  1986       0.246        0.035            0.275           0.014
  1987       0.405        0.017            0.327           0.017
  1988       0.605        0.036            0.444           0.022
  1989       0.330        0.032            0.514           0.023
  1990       0.636        0.043            0.479           0.024
  1991       0.595        0.033            0.412           0.022
  1992       0.228        0.027            0.436           0.022
  1993       0.272        0.030            0.458           0.020
  1994       0.447        0.025            0.427           0.014
  1995       0.749        0.016            0.499           0.011
  1996       0.441        0.020            0.631           0.010
  1997       0.588        0.025            0.678           0.012
  1998       0.931        0.021            0.647           0.014
  1999       0.680        0.025            0.720           0.014
  2000       0.597        0.022            0.797           0.013
  2001       0.804        0.018            0.796           0.015
  2002       0.976        0.029            0.805           0.017
  2003       0.922        0.031            0.906           0.022
  2004       0.726        0.028            0.932           0.027
  2005       1.104        0.030            0.964           0.030
  2006       0.931        0.041            0.949           0.030
  2007       1.136        0.040            0.991           0.035
  2008       0.848        0.036            0.992           0.038
  2009       0.935        0.046            0.991           0.041
  2010       1.109        0.046            0.942           0.040
  2011       0.928        0.057            0.973           0.042
  2012       0.887        0.043            0.981           0.043
  2013       1.005        0.049            1.007           0.042
  2014       0.978        0.046            1.108           0.040
  2015       1.237        0.038            1.191           0.039
  2016       1.431        0.044            1.218           0.036
  2017       1.304        0.033            1.291           0.036
  2018       1.142        0.033            1.343           0.040
  2019       1.340        0.057            1.304           0.040
  2020       1.497        0.049            1.290           0.044
  2021       1.237        0.042              NaN             NaN
  2022       1.232        0.050              NaN             NaN
